time,x,y,z,phi,theta,psi,x_velocity,y_velocity,z_velocity,phi_velocity,theta_velocity,psi_velocity,rotor_speed1,rotor_speed2,rotor_speed3,rotor_speed4
0.06,9.71069133407e-08,1.23697617523e-07,10.0073530472,6.28274094388,6.28304057302,0.0,1.15581833725e-05,-1.43943895778e-05,0.245080499077,-0.0294419248589,-0.00773577869333,0.0,480.7234093472049,480.13703012904716,482.15408153503205,479.9250637519913
0.12000000000000001,5.50062649911e-06,-1.68536868797e-05,10.025718554,6.2812747179,6.28278015196,0.0,0.000205907117988,-0.000720047516418,0.367070902044,-0.0159463711866,0.00170767092695,0.0,443.6468305499987,444.4214785518763,443.21738138505657,444.324855154461
0.18,2.57453849545e-05,-0.000103178022031,10.0506964007,6.28007340368,6.28296348778,0.0,0.000454231257744,-0.00226555651621,0.465488199259,-0.0297629310577,0.00562381498813,0.0,436.2019026768315,436.52870166164047,437.32383373687367,436.17164800768757
0.23999999999999996,5.64244045319e-05,-0.000321688017065,10.0849391329,6.2782183265,0.000429038544973,0.0,0.000507967696967,-0.00523307792647,0.675834369969,-0.0333338300548,0.019654749293,0.0,470.25650300380653,471.3418235233359,471.0802930725259,470.8038619478717
0.3,7.56120211341e-05,-0.000729265886051,10.1253882917,6.27636518137,0.00136736598025,0.0,3.84825146969e-05,-0.00851955369315,0.672471916922,-0.0263920474382,0.00606926826343,0.0,404.4797815325968,403.2545502249305,402.330744118957,402.95822730387954
0.36000000000000004,4.73175104639e-05,-0.00139020422982,10.1691228655,6.27467395085,0.0020892869112,0.0,-0.00104011477078,-0.0136810706775,0.785274640884,-0.0320429316828,0.0218754512633,0.0,441.0526574424122,442.35588588025496,441.3934794875432,440.926724265329
0.4200000000000001,-7.18559723723e-05,-0.00242506603841,10.2227114378,6.2727256826,0.00377072704588,0.0,-0.00311288226008,-0.0210433897587,1.00084458118,-0.0333414329125,0.0381203719516,0.0,473.10659757435945,474.35570342327554,471.93665965051275,471.8361061559524
0.48000000000000015,-0.00036454411919,-0.00396020713272,10.2903157307,6.27109909565,0.0062066020852,0.0,-0.00693674861549,-0.0303482336899,1.25238676815,-0.0169006286084,0.0451410327521,0.0,483.60076961657137,484.12994717016755,482.76807296439074,484.00670378513496
0.5400000000000001,-0.000921250129046,-0.00603792245553,10.3687324441,6.26963590959,0.00900539957506,0.0,-0.0119039994914,-0.0390277123332,1.36137626401,-0.0468097115109,0.0494986304059,0.0,441.1820591471509,441.54297513888304,442.5382850301294,440.06949609519535
0.6000000000000002,-0.00179762497718,-0.00861843812097,10.4497305031,6.26681203349,0.0117467847991,0.0,-0.0175492986544,-0.0472259302405,1.33858006954,-0.0475791443019,0.0367122868629,0.0,398.79380515061297,397.6257227307666,397.7828469192907,397.7107726750653
0.6600000000000003,-0.00309757142716,-0.0117941854341,10.532696269,6.26477001421,0.0140570066264,0.0,-0.026007443318,-0.058867418823,1.42683185746,-0.015515221117,0.041864446975,0.0,434.7062531885052,435.13848769068784,433.7301503988056,436.41372366502384
0.7200000000000003,-0.00501081708019,-0.0157767032327,10.6249289011,6.26445828535,0.0161282850616,0.0,-0.0380462496949,-0.0739457737757,1.64729192038,0.0100135758959,0.0127984294201,0.0,476.0660019546393,473.8373505949076,475.3040288999227,477.25639510390346
0.7800000000000004,-0.00769484743057,-0.0206721048224,10.7307699122,6.26547387255,0.0167011004233,0.0,-0.0514984625881,-0.0891262706368,1.88038800905,0.0280428725373,0.00208782325065,0.0,479.79187594125403,478.9779619800625,479.7598526674662,481.1266140856282
0.8400000000000004,-0.0111054115444,-0.0263533028102,10.8450981538,6.26713335942,0.0169148007691,0.0,-0.0622018734198,-0.10008775371,1.93047195414,0.0268774011947,0.00635761059381,0.0,423.5320131139577,423.8989988060068,425.03160076135805,424.93194020972817
0.9000000000000005,-0.0151152429028,-0.0326162408723,10.9596118049,6.26834730569,0.0168948625961,0.0,-0.0714795020231,-0.108559970786,1.88672448145,0.00163331940686,-0.0191237000685,0.0,393.6615320063684,391.2966865895473,393.8178473159771,391.47605220201166
0.9600000000000005,-0.0198066648414,-0.0394878647138,11.0792900549,6.26833060737,0.01559033332,0.0,-0.0847499741629,-0.120483776817,2.10218156141,-0.00440583825682,-0.0275735010183,0.0,474.66133255255454,474.0124855528869,476.93687207687896,476.4754383458596
1.0200000000000005,-0.0252143671443,-0.047029980381,11.2088043586,6.2687096183,0.0146145989651,0.0,-0.0953737865966,-0.130905326403,2.21475214067,0.0219669570331,1.58659840284e-05,0.0,443.94338048650235,446.2013115459899,444.22855854826,446.3857489500279
1.0800000000000005,-0.0312213929178,-0.0551612536439,11.3434758295,6.27024480009,0.0148337963879,0.0,-0.104870293235,-0.139998192874,2.27418186241,0.0319875092761,0.0100838425543,0.0,428.34466148437355,429.19990818845736,428.2293006200702,429.08095339165743
1.1400000000000006,-0.0378920986662,-0.0638783294971,11.487499136,6.27273547223,0.0161292185828,0.0,-0.117605291147,-0.150284754115,2.52607461992,0.0558209129048,0.0380735276691,0.0,486.9587618755022,489.04792040578394,486.0513337514272,487.83486096652007
1.2000000000000006,-0.045354091105,-0.0731345333599,11.6458968802,6.27730404916,0.0184154767717,0.0,-0.131395375157,-0.157753038814,2.75333127241,0.100291201612,0.0381657686903,0.0,481.3480836332232,481.35564267578224,479.8509124725603,483.2184116449857
1.2600000000000007,-0.0536381433143,-0.0827007581035,11.8146429464,0.000804842828535,0.0211481950535,0.0,-0.145000332864,-0.160449944423,2.87124744307,0.127525662148,0.0572617179042,0.0,448.22400893095556,449.77437028223255,449.4683651517536,451.68056065662375
1.3200000000000007,-0.0628465567439,-0.0922771930073,11.9925854757,0.00829710500084,0.0243307251189,0.0,-0.162319042895,-0.157895294562,3.05967574365,0.11895552314,0.0428839542507,0.0,472.5193893536067,471.41133698127646,471.83733981563864,471.18840612331553
1.3800000000000008,-0.0731133617798,-0.101547890486,12.1797567651,0.0150120267803,0.0270074418096,0.0,-0.180175426922,-0.150399725695,3.17903005787,0.0916278068625,0.0478605345182,0.0,451.7327865640377,452.13501282311677,452.9688555625817,450.7763609585898
1.4400000000000008,-0.084512445133,-0.110231307591,12.3741921782,0.0203097383544,0.0298335032214,0.0,-0.200084933317,-0.138484223395,3.30178658087,0.0806264423005,0.0455375364092,0.0,453.7392795488341,453.5540249495224,454.12278235799226,453.24571553031507
1.5000000000000009,-0.0971099160903,-0.118128574226,12.57414234,0.025018067531,0.0325441902921,0.0,-0.220087712362,-0.124302501599,3.36302209454,0.0737751818772,0.044449643808,0.0,435.35904699703985,435.2692372235947,435.1978736254723,434.6290636772476
1.560000000000001,-0.11106761834,-0.125001938196,12.7809664908,0.029260863384,0.0361061581531,0.0,-0.24551274329,-0.104336751948,3.5305875756,0.0637565334839,0.0791534806153,0.0,466.65682487731306,469.3600657298783,469.19138745392956,468.41642015399344
1.620000000000001,-0.126619926495,-0.130599194287,12.9973187893,0.0327651002824,0.0404176084956,0.0,-0.273383442487,-0.0818487901707,3.68064974401,0.0446674639083,0.0503729516182,0.0,466.0037420021116,463.75199038391,464.37723564887204,462.879519787267
1.680000000000001,-0.143836596903,-0.134852952278,13.2203014983,0.0351413866243,0.0440097820795,0.0,-0.300824412789,-0.0597010412655,3.75184873751,0.0268313228109,0.0741462536991,0.0,438.92026632394294,440.8913948044619,442.7110987499098,441.2417711011119
1.740000000000001,-0.162925804149,-0.137615766112,13.4509013604,0.0368009063793,0.0482638313351,0.0,-0.335953292165,-0.0322277701339,3.93416645385,0.0292637936765,0.0634625632388,0.0,476.4195541268592,475.6054057569114,474.719701592707,474.90646270992534
1.8000000000000012,-0.183937427077,-0.138904289763,13.6866899986,0.0387984679096,0.0524526771157,0.0,-0.364781710875,-0.0105597735166,3.92545278201,0.040328712233,0.0801818420656,0.0,415.35562945729197,416.8234455377135,417.13391284244057,418.0996444732464
1.8600000000000012,-0.206907790435,-0.138743621864,13.9248151909,0.041062496422,0.0568519798179,0.0,-0.401347696261,0.0161376795996,4.01170896931,0.0319619950271,0.0538195837582,0.0,448.73814495260353,446.59682584490736,447.9431629360667,447.26287717228746
1.9200000000000013,-0.232137896659,-0.136950081879,14.1677964548,0.0428817514201,0.0604315302863,0.0,-0.439978265885,0.0438195225245,4.08735881979,0.0268189393666,0.0693292932938,0.0,445.23963485959405,446.5092763820498,444.3909197242673,443.9694079030005
1.9800000000000013,-0.25955485272,-0.133605224457,14.4119562742,0.0440154360595,0.0645588188069,0.0,-0.474268454699,0.0678003099743,4.05139008243,-0.00584189294398,0.0676838529174,0.0,409.5067346548041,409.36434735507123,410.1802025602219,407.2690920468652
2.0400000000000014,-0.289425196196,-0.128588595388,14.6589566716,0.0438753252275,0.0683561854652,0.0,-0.521800282196,0.0993738978418,4.18144411595,0.00388953985332,0.0526123578772,0.0,463.49341979935673,462.3100094026068,461.3370643928013,462.104912698904
2.1000000000000014,-0.322241179739,-0.121669039714,14.9139704136,0.0437281390274,0.0712071969383,0.0,-0.57235791665,0.131264190331,4.31846245607,-0.0198261769174,0.0346370972894,0.0,466.3420426904864,464.9369439875744,466.2164054540996,464.3596321283429
2.1600000000000015,-0.358072913561,-0.112891554271,15.1761349899,0.0423700224535,0.0736042563087,0.0,-0.622237989039,0.161171301158,4.41993715163,-0.0289458916776,0.0488847202352,0.0,455.084091692014,456.2239610701851,456.2293585306588,455.5005324649988
2.2200000000000015,-0.396893395055,-0.10238264773,15.443607492,0.0405389617584,0.0769263876748,0.0,-0.672068273476,0.188936209455,4.49547930411,-0.0338620737048,0.0659155876342,0.0,448.10704740576296,449.49147784459615,448.58744824156923,448.18771637123126
2.2800000000000016,-0.438720650626,-0.0902731348686,15.7149227657,0.0385283645112,0.0809213741917,0.0,-0.722536882257,0.214511493034,4.54810754293,-0.0328149949094,0.0678851668424,0.0,442.2464891511838,442.4120301002809,441.79721564887024,441.88309596945106
2.3400000000000016,-0.483730758598,-0.0766323600306,15.9903239419,0.0362817825206,0.0852132305211,0.0,-0.778191742738,0.239957569564,4.63154130794,-0.0488352195739,0.0779711274474,0.0,452.1343394815103,452.9500901757895,452.7134306450482,451.42171163234514
2.4000000000000017,-0.531975917064,-0.0615943630253,16.2684821153,0.0332368469557,0.0896710117972,0.0,-0.830384860157,0.261040202238,4.64030784771,-0.0548793059451,0.065695741208,0.0,429.99250273180576,428.9556784002766,429.4642340950167,428.94945782442244
2.4600000000000017,-0.583783241952,-0.0452206526393,16.5510368652,0.0303272648838,0.0940260126118,0.0,-0.8969260063,0.284396940648,4.77755305836,-0.0380769732801,0.0836621396614,0.0,468.59050517249693,469.9889078332116,469.4778147897619,470.77845793770814
2.520000000000002,-0.639265392248,-0.02763712645,16.8374359229,0.027962934868,0.099098707921,0.0,-0.95291889673,0.301518073564,4.76904852542,-0.0422037568964,0.0862533864159,0.0,424.64973333260934,424.878201546414,425.90397971820937,425.54996706359736
2.580000000000002,-0.698521241136,-0.00897991339993,17.1265457276,0.0255722098525,0.10410676174,0.0,-1.02275553606,0.3201230418,4.86744141728,-0.0355039606779,0.0772197559234,0.0,460.0116310437719,459.3010505780033,458.7574754291054,459.28845376736626
2.640000000000002,-0.761868357353,0.0106967841253,17.4196362895,0.0233803926336,0.108433452101,0.0,-1.08921944927,0.335559549812,4.90201476978,-0.0386657575901,0.0591936910516,0.0,440.71713380727425,439.2284614728554,440.9961613857686,440.73425732255123
2.700000000000002,-0.829157869039,0.031231071555,17.71364774,0.0209732804351,0.112826353112,0.0,-1.15412376231,0.348708299596,4.89830752272,-0.0431941776044,0.0921790006083,0.0,428.1510076176608,430.9526810058958,427.6271510158748,427.24027001958615
2.760000000000002,-0.900411109098,0.0525078285419,18.0072968863,0.0183664141312,0.118389002465,0.0,-1.22146954521,0.360289649891,4.88993525609,-0.0439596923729,0.093753047919,0.0,427.1879387664418,427.3297874978534,427.0076923998557,426.9412366466248
2.820000000000002,-0.9760295812,0.0744669032565,18.3023083673,0.0158897506372,0.123509343578,0.0,-1.29964419191,0.371427998199,4.94343380161,-0.0363923796887,0.0576858681875,0.0,448.597437309624,445.66418163328035,447.0043375667575,447.61976170165536
2.880000000000002,-1.05626112149,0.0970260818429,18.5991518392,0.0134668702962,0.12686291413,0.0,-1.37504694882,0.380338147398,4.95122802434,-0.0498706844078,0.0520429622534,0.0,433.7072881422383,433.23520974943557,433.67014447025934,432.5354184673173
2.940000000000002,-1.14238620989,0.120206123405,18.9066490076,0.0111245156835,0.129414695202,0.0,-1.49601562764,0.391944923355,5.29699537345,-0.0232752499067,0.00531074778587,0.0,533.8355604977413,530.6373634751669,531.6094885638129,533.4282904548576
3.000000000000002,-1.23520076905,0.143970876661,19.2300547587,0.00976242341291,0.129711416092,0.0,-1.59774012115,0.40004342669,5.48224738101,-0.0215782274899,0.00420430484055,0.0,491.5977519191706,491.51565622185075,490.73991538951475,490.86590341024703
3.0600000000000023,-1.33372614958,0.168160506243,19.5614755483,0.00860211582316,0.129632685096,0.0,-1.68641867726,0.406149822116,5.56464989851,-0.0151984306205,-0.0156215356049,0.0,463.30324960724136,461.74159717234096,462.38926789342105,462.89173109494357
3.1200000000000023,-1.4370444071,0.192659860471,19.8937856024,0.00754807267226,0.128924433185,0.0,-1.75751864644,0.410417919037,5.5125736733,-0.0227845320781,-0.00509333389163,0.0,420.3363692023014,421.24805995911515,420.50142986755606,419.84366278357385
3.1800000000000024,-1.54510005567,0.217423441539,20.226634188,0.00616181817501,0.128461525684,0.0,-1.84428189333,0.414896048585,5.5819873165,-0.0237513802505,-0.0135556053218,0.0,459.60639175031116,458.9352077502548,458.9226427570291,458.84585400445013
3.2400000000000024,-1.65814992503,0.242418649467,20.5620328983,0.00513157068658,0.128291810683,0.0,-1.92402809791,0.418167575823,5.59784513606,-0.00649259000358,0.0128262234916,0.0,442.3518690167119,444.5195073206216,442.06196064574266,443.4821526746759
3.3000000000000025,-1.77639845315,0.267610388721,20.9015018416,0.005027152377,0.130431840324,0.0,-2.01770843864,0.42152844163,5.71708763939,0.00638333029433,0.0615557654181,0.0,473.35001215517553,477.08626799180655,474.7626200795127,475.74972092213926
3.3600000000000025,-1.89967468045,0.29297907268,21.2431578751,0.00564627188928,0.134098207611,0.0,-2.09184499031,0.424136059798,5.6715592126,0.0172121409149,0.0601917406318,0.0,425.6197839662832,425.5058454511648,423.9014727545419,424.83109064151216
3.4200000000000026,-2.02760969315,0.318522523514,21.5831431377,0.0069339437615,0.137359650344,0.0,-2.17298123139,0.427412733883,5.66120645934,0.0288331758237,0.0389251447199,0.0,436.7320173483315,434.95618552911657,436.25054093142734,437.22002936264124
3.4800000000000026,-2.16074620889,0.344301383312,21.9244738456,0.00872322943072,0.139420120741,0.0,-2.26510241268,0.432048317364,5.7160821241,0.0317277825483,0.0230842693586,0.0,457.4641650692428,456.20124888398874,457.28005584745495,457.5108733114042
3.5400000000000027,-2.29918494775,0.370376373092,22.2671716818,0.010157659077,0.140602854071,0.0,-2.34967429687,0.437268923671,5.70712644064,-0.0002576355506,0.0119323348146,0.0,437.93279152309753,437.00397966655726,439.32469750017907,436.6640848383022
3.6000000000000028,-2.44298197431,0.39680174248,22.6111330918,0.0103587474425,0.141575736785,0.0,-2.44364264486,0.443581869541,5.75789671255,0.00973760800661,0.0236373835423,0.0,456.64461241910584,457.5774663830029,455.99493740278274,456.7928031172281
3.660000000000003,-2.59282236749,0.423638908184,22.9607530298,0.010963214256,0.142438159328,0.0,-2.55111161202,0.451044991227,5.89525948467,0.0107397625685,-0.0200825556316,0.0,485.61738921684326,482.3261522802753,483.18162899226195,483.2570549513772
3.720000000000003,-2.74902406335,0.450929001924,23.3178680245,0.0111724752192,0.141777523582,0.0,-2.65548552957,0.45866818623,6.00790042133,-0.0178099330562,0.00277808049795,0.0,477.0847635750038,478.82748594941415,478.95505156493243,476.7783360824246
3.780000000000003,-2.91068269448,0.478611901714,23.6760749244,0.0103446597104,0.142085443735,0.0,-2.73326500359,0.464025555049,5.93266531139,-0.00678421593608,0.00946718765681,0.0,419.49836034263035,420.078862180319,419.7573556549458,420.71341277781767
3.840000000000003,-3.07774202897,0.50665643977,24.0347581225,0.0102339096684,0.143252853857,0.0,-2.83545103874,0.470760501926,6.02284227104,0.00654992365424,0.0342973451215,0.0,471.15079082841464,473.0669668660084,471.22540095459556,472.2552804078272
3.900000000000003,-3.25099115191,0.53510663345,24.3989676155,0.0107468939824,0.145432958241,0.0,-2.93970287924,0.477617948604,6.11680760009,0.0122762074367,0.0401265003841,0.0,473.7073059203358,474.155935683008,474.44887308057366,474.88828469820965
3.960000000000003,-3.43041722703,0.56396979335,24.7678800164,0.0115636485878,0.14761850564,0.0,-3.04138247945,0.484556652024,6.17976357658,0.0161595848218,0.0277496549922,0.0,466.6131320048361,465.64622596822517,466.31038698973714,466.61358812810835
4.020000000000002,-3.61574079313,0.593245959523,25.1388408068,0.0128175216321,0.149188347105,0.0,-3.13626130048,0.491412687414,6.18542745511,0.0289998124914,0.022788070528,0.0,450.96024374048386,450.5593198159911,447.84183044238426,448.8852577346862
4.080000000000001,-3.80639047936,0.622923589052,25.5074250237,0.0155372382912,0.15044012496,0.0,-3.21895858243,0.498022854448,6.10106548865,0.066352453539,0.0167047385901,0.0,421.351307589445,420.82493589175346,418.34812118576014,421.58997958001214
4.14,-4.00218927652,0.653061430602,25.8719547293,0.0200567701574,0.151089794494,0.0,-3.30784664996,0.506919250518,6.0500826815,0.088991928752,-0.00476868027882,0.0,431.8726166035195,430.05706189368425,429.86867239370775,431.7878240654448
4.199999999999998,-4.20365890288,0.683853350162,26.2354788908,0.0254942823557,0.151036880761,0.0,-3.40785585409,0.519960457291,6.06717664141,0.0937044518922,0.00593711692678,0.0,451.77966644551753,452.6422670428783,452.4746302089255,452.8606487135658
4.259999999999997,-4.41170019725,0.715624067762,26.6036448263,0.03072352083,0.151257927641,0.0,-3.52684275535,0.539629880766,6.20409477858,0.0689625736921,-0.00125304631075,0.0,489.19395127422604,488.6580819104179,490.1197420199028,488.28235893397715
4.319999999999996,-4.62593680918,0.748483590582,26.9736806286,0.034847275329,0.151362569685,0.0,-3.61452890745,0.556013969774,6.13073685785,0.068258692773,0.00715017075697,0.0,424.3406050960461,425.0615175155619,426.5233338116657,426.4669850172293
4.379999999999995,-4.84619873861,0.782562584318,27.3441613336,0.0389421904233,0.151891891173,0.0,-3.72759010461,0.580339988364,6.21796612128,0.0682283720314,0.0119720488933,0.0,476.0930056595867,476.46174976390563,475.035656167876,475.0365089949711
4.439999999999993,-5.07287884205,0.818081069507,27.7172735962,0.0427118947883,0.152460180304,0.0,-3.8285558252,0.603950048873,6.21895125973,0.0489311297428,0.00393153882082,0.0,450.95795488274564,450.30772228396665,451.1711576088959,449.6127619099939
4.499999999999992,-5.30584587418,0.855134789931,28.0917301121,0.0456512547782,0.152590653786,0.0,-3.93708552456,0.631431330939,6.26253574505,0.0491054475308,-0.00159413960891,0.0,464.62586104567623,464.19229964240077,463.73899382951925,463.754062977336
4.559999999999991,-5.54565108551,0.893983284727,28.47075143,0.0486591020578,0.153041757042,0.0,-4.05644418024,0.663788251497,6.37071187225,0.0521057620577,0.0213552063708,0.0,483.80545085453673,485.530601507454,483.7353322276542,483.9626176883997
4.6199999999999894,-5.79201794667,0.934633068341,28.8521315221,0.0517005696391,0.154839786518,0.0,-4.15603170972,0.691458892563,6.34194017968,0.047701235781,0.0432088747949,0.0,443.6472623812228,445.4387417270761,443.46891590694133,443.1085145184247
4.679999999999988,-6.04468027617,0.97708074582,29.2334596689,0.0545644650301,0.157441362227,0.0,-4.26633883365,0.723702520116,6.36859864184,0.0477922092169,0.043659258936,0.0,462.55247738355297,462.5889173499903,460.3145298761593,460.32302353816846
4.739999999999987,-6.30396351594,1.02149156603,29.6159463124,0.0569539791745,0.160261508066,0.0,-4.37675084913,0.756880614719,6.38063264011,0.0148569060022,0.0529651301007,0.0,457.04090919040107,457.78342905925973,459.38090336535896,456.76180957859805
4.799999999999986,-6.56955578752,1.06779063822,29.9967337126,0.0580966164951,0.163048268567,0.0,-4.47671267783,0.786506648319,6.3124490851,0.0263220785665,0.0283729951028,0.0,434.1796310523038,432.11214472559215,431.8435377990146,432.8098065474573
4.859999999999984,-6.84124838863,1.11589894345,30.3736503723,0.0595883656817,0.164943830111,0.0,-4.58001622753,0.817228852284,6.25159124326,0.0217710922383,0.0373581933403,0.0,434.4149243044703,435.16828749256877,434.89012011142813,434.5087612824321
4.919999999999983,-7.11913842302,1.16585062435,30.7465488625,0.0605451196397,0.167140564657,0.0,-4.68333543476,0.847924164852,6.1785646667,0.000539563504351,0.035077342582,0.0,430.17870796568,429.98613148095495,431.661212488036,429.86523510051086
4.979999999999982,-7.4034943167,1.21772648954,31.1162610731,0.0602746234529,0.169704356786,0.0,-4.79553453133,0.881254250472,6.14513502061,-0.0172382464011,0.0547922947212,0.0,441.94952274502134,443.5729053071516,443.82487746610025,442.3630420266977
5.0399999999999805,-7.6947187637,1.27161383794,31.4843155362,0.0588172184025,0.172713261618,0.0,-4.91234281588,0.914873688012,6.12320634329,-0.0446553539888,0.0387086571682,0.0,447.9423497101537,446.6336911493035,447.32611151029187,445.08708067650684
